4294967294,0
4294967278,132
4294967278,131
4294967278,130
4294967278,129
4294967278,128
4294967278,127
4294967278,126
4294967278,125
4294967278,124
4294967278,123
4294967278,122
4294967278,121
4294967278,120
4294967278,119
4294967278,118
4294967278,117
4294967278,116
4294967278,115
4294967278,114
4294967278,113
4294967278,112
4294967278,111
4294967278,110
4294967278,109
4294967278,108
4294967278,107
4294967278,106
4294967278,105
4294967278,104
4294967278,103
4294967278,102
4294967278,101
4294967278,100
4294967278,99
4294967278,98
4294967278,97
4294967278,96
4294967278,95
4294967278,94
4294967278,93
4294967278,92
4294967278,91
4294967278,90
4294967278,89
4294967278,87
4294967278,86
4294967278,85
4294967278,84
4294967278,83
4294967278,82
4294967278,81
4294967278,80
4294967278,79
4294967278,78
4294967278,77
4294967278,76
4294967278,75
4294967278,74
4294967278,73
4294967278,72
4294967278,71
4294967278,70
4294967278,69
4294967278,68
4294967278,67
4294967278,66
4294967278,65
4294967278,64
4294967278,63
4294967278,62
4294967278,61
4294967278,60
4294967278,59
4294967278,58
4294967278,57
4294967278,56
4294967278,55
4294967278,54
4294967278,53
4294967278,52
4294967278,51
4294967278,50
4294967278,49
4294967278,48
4294967279,53
4294967279,51
4294967279,48
4294967279,46
4294967279,45
4294967279,41
4294967279,38
4294967279,27
4294967279,20
4294967279,19
4294967279,13
4294967279,9
4294967279,8
4294967279,7
4294967279,6
4294967279,5
4294967279,4
4243767290,0
4294967279,451
81,7
81,6
81,5
81,4
81,3
81,2
81,1
4294967294,437
4294967294,1087
4294967294,1423
80,7
80,6
80,5
80,4
80,3
80,2
80,1
79,7
79,6
79,5
79,4
79,3
79,2
79,1
4294967279,450
78,4
78,3
78,2
78,1
4294967278,385
77,4
77,3
77,2
77,1
76,4
76,3
76,2
76,1
75,7
75,6
75,5
75,4
75,3
75,2
75,1
74,4
74,3
74,2
74,1
73,4
73,3
73,2
73,1
72,4
72,3
72,2
72,1
71,7
71,6
71,5
71,4
71,3
71,2
71,1
70,7
70,6
70,5
70,4
70,3
70,2
70,1
4294967278,384
69,7
69,6
69,5
69,4
69,3
69,2
69,1
68,4
68,3
68,2
68,1
67,4
67,3
67,2
67,1
66,4
66,3
66,2
66,1
65,7
65,6
65,5
65,4
65,3
65,2
65,1
64,7
64,6
64,5
64,4
64,3
64,2
64,1
63,4
63,3
63,2
63,1
62,4
62,3
62,2
62,1
61,4
61,3
61,2
61,1
60,7
60,6
60,5
4294967279,449
60,4
60,3
60,2
60,1
4294967279,448
4294967278,383
4294967279,447
4294967279,446
4294967278,382
4294967279,445
59,5
59,4
59,3
59,2
59,1
58,4
58,3
58,2
58,1
57,4
57,3
57,2
57,1
4294967279,444
56,7
56,6
56,5
4294967278,381
56,4
56,3
56,2
56,1
4294967279,443
4294967278,380
4294967279,442
55,5
55,4
55,3
55,2
55,1
54,4
54,3
54,2
54,1
53,4
53,3
53,2
53,1
52,7
52,6
52,5
52,4
52,3
52,2
52,1
51,7
51,6
51,5
51,4
51,3
51,2
51,1
4294967279,441
50,7
50,6
50,5
50,4
50,3
50,2
50,1
4294967294,1425
49,7
49,6
49,5
49,4
49,3
49,2
49,1
4294967278,379
4294967278,378
4294967279,440
4294967279,439
4294967279,438
4294967278,377
4294967279,437
48,7
48,6
48,5
48,4
48,3
48,2
48,1
47,7
47,6
47,5
47,4
47,3
47,2
47,1
4294967278,376
46,7
46,6
46,5
4294967279,436
46,4
46,3
46,2
46,1
4294967279,435
45,7
45,6
45,5
4294967279,434
45,4
45,3
45,2
45,1
4294967279,433
4294967294,1424
44,7
44,6
44,5
4294967278,375
44,4
44,3
44,2
44,1
43,7
43,6
43,5
43,4
43,3
43,2
43,1
4294967294,1217
42,7
42,6
42,5
42,4
42,3
42,2
42,1
41,7
41,6
41,5
41,4
41,3
41,2
41,1
40,5
40,4
40,3
40,2
40,1
39,4
39,3
39,2
39,1
38,4
38,3
38,2
38,1
37,7
37,6
37,5
37,4
37,3
37,2
37,1
4294967278,374
36,7
36,6
36,5
36,4
36,3
36,2
36,1
4294967279,432
4294967278,373
4294967278,372
35,4
35,3
35,2
35,1
34,7
34,6
34,5
4294967279,431
34,4
34,3
34,2
34,1
33,7
33,6
33,5
33,4
33,3
33,2
33,1
4294967279,430
4294967278,371
32,7
32,6
32,5
32,4
